m1=2800;
m2=370;
k1=75000;
k2=480000;
b1=330;
b2=14000;
